   Point ID     ,  Hz.(º ' "),  V.(º ' "),Slope Dist.(m),Refl.Ht.(m),Inst.Ht.(m),Easting(m),  Northing(m),  Height(m)
ADG             ,  359 59 58 ,   90 11 09,          0,      0.000,      0.000,            0,            0,          0
2               ,  318 43 07 ,   70 10 09,      7.512,      2.150,      0.000,       -4.662,        5.310,      0.398
3               ,  299 04 58 ,   76 36 43,      9.555,      2.150,      0.000,       -8.124,        4.518,      0.062
4               ,  304 26 13 ,   77 55 18,     11.618,      2.150,      0.000,       -9.370,        6.424,      0.281
5               ,  312 41 12 ,   77 21 33,     10.717,      2.150,      0.000,       -7.687,        7.090,      0.195
6               ,  321 30 23 ,   73 10 31,      9.555,      2.150,      0.000,       -5.692,        7.158,      0.616
7               ,  333 46 14 ,   76 04 24,     10.534,      2.150,      0.000,       -4.519,        9.172,      0.385
8               ,  331 48 53 ,   79 11 07,     11.661,      2.150,      0.000,       -5.410,       10.095,      0.038
9               ,  322 07 48 ,   81 06 55,     11.385,      2.150,      0.000,       -6.905,        8.880,     -0.392
10              ,  311 19 23 ,   80 57 43,     11.614,      2.150,      0.000,       -8.613,        7.573,     -0.326
11              ,  303 04 18 ,   79 55 56,     13.496,      2.150,      0.000,      -11.135,        7.251,      0.209
12              ,  311 15 10 ,   79 05 01,     13.422,      2.150,      0.000,       -9.908,        8.690,      0.392
13              ,  305 30 28 ,   81 49 52,     16.376,      2.150,      0.000,      -13.195,        9.415,      0.177
14              ,  312 22 59 ,   82 34 57,     18.108,      2.150,      0.000,      -13.264,       12.104,      0.188
15              ,  300 30 03 ,   84 45 56,     18.536,      2.150,      0.000,      -15.905,        9.369,     -0.459
16              ,  298 05 06 ,   85 51 50,     19.874,      2.150,      0.000,      -17.488,        9.332,     -0.717
17              ,  301 37 36 ,   85 58 20,     20.582,      2.150,      0.000,      -17.482,       10.766,     -0.704
18              ,  306 56 06 ,   85 40 26,     19.301,      2.150,      0.000,      -15.384,       11.565,     -0.694
19              ,  309 52 22 ,   86 16 54,     22.701,      2.150,      0.000,      -17.385,       14.522,     -0.678
20              ,  312 52 32 ,   85 45 47,     20.426,      2.150,      0.000,      -14.928,       13.860,     -0.641
21              ,  314 10 56 ,   83 16 09,     19.211,      2.150,      0.000,      -13.682,       13.297,      0.102
22              ,  321 29 25 ,   82 31 01,     16.958,      2.150,      0.000,      -10.469,       13.157,      0.059
23              ,  330 26 20 ,   81 23 01,     16.347,      2.150,      0.000,       -7.974,       14.059,      0.299
24              ,  336 54 54 ,   82 33 07,     16.025,      2.150,      0.000,       -6.231,       14.618,     -0.073
25              ,  345 04 09 ,   81 00 15,     16.932,      2.150,      0.000,       -4.309,       16.159,      0.497
26              ,  347 48 40 ,   81 53 06,     20.402,      2.150,      0.000,       -4.265,       19.743,      0.730
27              ,  338 08 13 ,   84 20 54,     21.930,      2.150,      0.000,       -8.127,       20.254,      0.010
28              ,  331 46 01 ,   84 50 14,     24.228,      2.150,      0.000,      -11.415,       21.259,      0.030
29              ,  336 04 19 ,   85 06 50,     27.556,      2.150,      0.000,      -11.136,       25.096,      0.197
30              ,  342 46 48 ,   85 05 04,     28.394,      2.150,      0.000,       -8.375,       27.022,      0.283
31              ,  351 20 47 ,   84 29 59,     30.087,      2.150,      0.000,       -4.506,       29.608,      0.734
32              ,  346 20 52 ,   84 50 03,     31.124,      2.150,      0.000,       -7.316,       30.122,      0.652
33              ,  350 33 44 ,   86 10 34,     32.456,      2.150,      0.000,       -5.310,       31.945,      0.014
34              ,  345 27 40 ,   86 13 52,     32.309,      2.150,      0.000,       -8.093,       31.207,     -0.026
35              ,  338 44 03 ,   86 34 32,     31.784,      2.150,      0.000,      -11.507,       29.566,     -0.251
36              ,  340 48 09 ,   86 26 12,     34.201,      2.150,      0.000,      -11.224,       32.236,     -0.024
37              ,  347 38 34 ,   85 25 40,     34.494,      2.150,      0.000,       -7.358,       33.588,      0.600
38              ,  353 14 17 ,   85 22 56,     35.307,      2.150,      0.000,       -4.144,       34.947,      0.693
39              ,  354 19 19 ,   86 21 00,     37.476,      2.150,      0.000,       -3.700,       37.216,      0.236
40              ,  348 43 59 ,   86 42 00,     36.708,      2.150,      0.000,       -7.160,       35.941,     -0.037
41              ,  343 25 48 ,   86 18 49,     37.188,      2.150,      0.000,      -10.583,       35.570,      0.241
42              ,  348 33 47 ,   85 57 25,     38.906,      2.150,      0.000,       -7.695,       38.039,      0.593
43              ,  354 04 37 ,   85 52 03,     39.222,      2.150,      0.000,       -4.037,       38.911,      0.677
44              ,  355 29 13 ,   86 54 38,     40.420,      2.150,      0.000,       -3.176,       40.237,      0.028
45              ,  349 16 13 ,   86 35 57,     41.061,      2.150,      0.000,       -7.631,       40.272,      0.286
46              ,  346 18 37 ,   87 03 37,     42.087,      2.150,      0.000,       -9.947,       40.838,      0.008
47              ,  343 15 54 ,   86 54 48,     43.055,      2.150,      0.000,      -12.379,       41.172,      0.168
48              ,  349 36 05 ,   86 53 43,     44.725,      2.150,      0.000,       -8.061,       43.926,      0.272
49              ,  355 28 05 ,   86 41 19,     45.858,      2.150,      0.000,       -3.617,       45.638,      0.499
50              ,  351 52 41 ,   86 48 50,     47.939,      2.150,      0.000,       -6.762,       47.385,      0.514
51              ,  346 15 43 ,   87 06 47,     47.569,      2.150,      0.000,      -11.282,       46.149,      0.246
52              ,  347 53 49 ,   87 09 51,     50.537,      2.150,      0.000,      -10.583,       49.353,      0.350
53              ,  351 21 02 ,   87 15 21,     50.387,      2.150,      0.000,       -7.569,       49.757,      0.262
54              ,  355 55 50 ,   87 03 18,     50.299,      2.150,      0.000,       -3.565,       50.106,      0.434
55              ,  354 20 44 ,   87 29 19,     52.818,      2.150,      0.000,       -5.199,       52.510,      0.164
56              ,  356 52 49 ,   88 11 41,     54.080,      2.150,      0.000,       -2.942,       53.973,     -0.446
57              ,  353 43 49 ,   87 34 20,     54.910,      2.150,      0.000,       -5.991,       54.532,      0.176
58              ,  350 36 34 ,   87 28 31,     54.137,      2.150,      0.000,       -8.825,       53.360,      0.235
59              ,  350 25 13 ,   87 49 26,     56.685,      2.150,      0.000,       -9.427,       55.854,      0.003
60              ,  356 01 08 ,   89 16 56,     45.177,      0.000,      0.000,       -3.136,       45.064,      0.566
61              ,  356 46 52 ,   89 40 29,     45.075,      0.000,      0.000,       -2.531,       45.003,      0.256
62              ,  358 21 36 ,   90 31 23,     45.178,      0.000,      0.000,       -1.293,       45.158,     -0.412
63              ,    0 46 53 ,   91 35 17,     44.689,      0.000,      0.000,        0.609,       44.668,     -1.238
64              ,    0 30 12 ,   92 00 19,     39.573,      0.000,      0.000,        0.348,       39.547,     -1.385
65              ,  359 32 29 ,   91 38 05,     38.494,      0.000,      0.000,       -0.308,       38.477,     -1.098
66              ,  358 02 09 ,   90 58 40,     35.925,      0.000,      0.000,       -1.231,       35.899,     -0.613
67              ,  358 02 09 ,   90 58 38,     35.926,      0.000,      0.000,       -1.231,       35.899,     -0.613
68              ,  356 53 42 ,   90 19 04,     38.523,      0.000,      0.000,       -2.086,       38.466,     -0.214
69              ,  355 30 19 ,   89 30 45,     35.485,      0.000,      0.000,       -2.781,       35.374,      0.302
70              ,  354 21 12 ,   89 34 10,     32.972,      0.000,      0.000,       -3.244,       32.811,      0.248
71              ,  355 52 59 ,   90 23 02,     33.082,      0.000,      0.000,       -2.375,       32.995,     -0.222
72              ,  357 15 36 ,   91 02 13,     33.307,      0.000,      0.000,       -1.592,       33.263,     -0.603
73              ,    0 08 40 ,   92 21 39,     32.927,      0.000,      0.000,        0.083,       32.899,     -1.356
74              ,  359 23 56 ,   92 54 35,     27.917,      0.000,      0.000,       -0.293,       27.880,     -1.417
75              ,  358 06 35 ,   91 56 38,     30.615,      0.000,      0.000,       -1.009,       30.581,     -1.038
76              ,  356 28 01 ,   91 13 42,     29.292,      0.000,      0.000,       -1.805,       29.229,     -0.628
77              ,  355 23 46 ,   90 28 08,     29.930,      0.000,      0.000,       -2.402,       29.833,     -0.245
78              ,  354 07 01 ,   89 29 16,     30.731,      0.000,      0.000,       -3.150,       30.568,      0.275
79              ,  352 44 06 ,   89 33 25,     27.622,      0.000,      0.000,       -3.493,       27.399,      0.214
80              ,  355 07 59 ,   90 55 49,     27.876,      0.000,      0.000,       -2.365,       27.772,     -0.453
81              ,  358 57 29 ,   93 09 11,     25.784,      0.000,      0.000,       -0.468,       25.741,     -1.418
82              ,  348 28 35 ,   87 52 34,     20.043,      0.000,      0.000,       -4.001,       19.625,      0.743
83              ,  352 46 25 ,   89 59 16,     20.250,      0.000,      0.000,       -2.547,       20.089,      0.004
84              ,    0 06 52 ,   94 01 12,     19.716,      0.000,      0.000,        0.039,       19.667,     -1.382
85              ,    1 13 12 ,   95 41 03,     14.141,      0.000,      0.000,        0.300,       14.068,     -1.401
86              ,  355 09 59 ,   92 36 13,     15.855,      0.000,      0.000,       -1.335,       15.782,     -0.720
87              ,  349 24 18 ,   89 25 47,     16.572,      0.000,      0.000,       -3.047,       16.289,      0.165
88              ,  346 18 46 ,   87 50 26,     19.486,      0.000,      0.000,       -4.607,       18.919,      0.734
89              ,  347 16 48 ,   88 12 37,     17.196,      0.000,      0.000,       -3.784,       16.766,      0.537
90              ,  350 34 01 ,   90 25 13,     13.457,      0.000,      0.000,       -2.205,       13.275,     -0.099
91              ,  355 22 27 ,   93 43 27,     12.486,      0.000,      0.000,       -1.005,       12.419,     -0.811
92              ,    0 34 39 ,   96 19 44,     12.476,      0.000,      0.000,        0.125,       12.399,     -1.375
93              ,  359 21 04 ,   98 06 46,      9.817,      0.000,      0.000,       -0.110,        9.718,     -1.385
94              ,  352 21 50 ,   92 58 08,     11.984,      0.000,      0.000,       -1.590,       11.862,     -0.621
95              ,  340 45 40 ,   87 54 31,     11.438,      0.000,      0.000,       -3.766,       10.792,      0.417
96              ,  346 24 51 ,   92 38 06,      9.688,      0.000,      0.000,       -2.273,        9.407,     -0.445
97              ,  358 33 18 ,   98 36 59,      9.592,      0.000,      0.000,       -0.239,        9.480,     -1.437
98              ,  356 56 22 ,  101 13 49,      7.348,      0.000,      0.000,       -0.385,        7.197,     -1.431
99              ,  349 27 06 ,   97 53 31,      7.379,      0.000,      0.000,       -1.338,        7.185,     -1.013
100             ,  343 07 36 ,   93 28 14,      8.019,      0.000,      0.000,       -2.323,        7.660,     -0.485
101             ,  335 12 36 ,   88 10 36,      8.810,      0.000,      0.000,       -3.692,        7.994,      0.280
102             ,  326 56 25 ,   85 05 16,      8.006,      0.000,      0.000,       -4.351,        6.685,      0.686
103             ,  334 27 30 ,   91 26 44,      6.593,      0.000,      0.000,       -2.842,        5.947,     -0.166
104             ,  343 15 11 ,   97 26 53,      6.169,      0.000,      0.000,       -1.762,        5.857,     -0.800
105             ,  353 51 44 ,  104 12 28,      5.885,      0.000,      0.000,       -0.610,        5.672,     -1.444
106             ,    1 20 30 ,  110 01 23,      4.106,      0.000,      0.000,        0.090,        3.856,     -1.406
107             ,   12 10 32 ,  115 23 08,      3.250,      0.000,      0.000,        0.619,        2.870,     -1.393
108             ,   29 42 13 ,  126 44 16,      2.273,      0.000,      0.000,        0.902,        1.582,     -1.359
109             ,   46 10 58 ,  135 29 40,      1.940,      0.000,      0.000,        0.981,        0.942,     -1.384
110             ,   84 55 26 ,  144 48 53,      1.679,      0.000,      0.000,        0.964,        0.086,     -1.372
111             ,  105 49 30 ,  143 37 49,      1.733,      0.000,      0.000,        0.989,       -0.280,     -1.396
112             ,  122 06 51 ,  140 29 56,      1.793,      0.000,      0.000,        0.966,       -0.606,     -1.383
113             ,   55 09 02 ,  148 07 17,      1.469,      0.000,      0.000,        0.636,        0.443,     -1.247
114             ,   55 09 19 ,  152 54 36,      1.489,      0.000,      0.000,        0.557,        0.388,     -1.326
115             ,   25 51 13 ,  140 23 51,      1.552,      0.000,      0.000,        0.431,        0.890,     -1.196
116             ,   14 21 34 ,  129 53 44,      1.711,      0.000,      0.000,        0.326,        1.272,     -1.098
117             ,    1 33 36 ,  119 51 53,      2.176,      0.000,      0.000,        0.051,        1.887,     -1.084
118             ,  346 04 50 ,  130 06 16,      2.151,      0.000,      0.000,       -0.396,        1.597,     -1.386
119             ,  327 47 05 ,  129 47 37,      2.420,      0.000,      0.000,       -0.991,        1.573,     -1.549
120             ,  346 45 25 ,  108 13 11,      2.906,      0.000,      0.000,       -0.632,        2.687,     -0.909
121             ,  338 52 58 ,  102 38 52,      3.330,      0.000,      0.000,       -1.171,        3.031,     -0.729
122             ,  310 16 10 ,  122 42 36,      2.896,      0.000,      0.000,       -1.859,        1.575,     -1.565
123             ,  327 57 19 ,  109 19 56,      3.137,      0.000,      0.000,       -1.571,        2.509,     -1.039
124             ,  303 59 24 ,  114 53 32,      3.792,      0.000,      0.000,       -2.852,        1.923,     -1.596
125             ,  319 49 30 ,  104 40 05,      4.127,      0.000,      0.000,       -2.576,        3.051,     -1.045
126             ,  329 58 37 ,   93 16 25,      4.844,      0.000,      0.000,       -2.420,        4.187,     -0.277
127             ,  337 37 19 ,   99 04 05,      3.637,      0.000,      0.000,       -1.367,        3.321,     -0.573
128             ,  345 10 55 ,   99 47 49,      5.860,      0.000,      0.000,       -1.477,        5.582,     -0.997
129             ,  329 17 30 ,   91 10 48,      5.716,      0.000,      0.000,       -2.918,        4.913,     -0.118
130             ,  322 49 08 ,   86 51 37,      6.192,      0.000,      0.000,       -3.736,        4.926,      0.339
131             ,  315 13 22 ,   84 05 08,      6.528,      0.000,      0.000,       -4.574,        4.609,      0.673
132             ,  317 11 14 ,   93 12 38,      5.688,      0.000,      0.000,       -3.859,        4.166,     -0.319
133             ,  317 08 48 ,  100 44 42,      4.720,      0.000,      0.000,       -3.154,        3.399,     -0.880
134             ,  306 03 09 ,  103 34 59,      5.031,      0.000,      0.000,       -3.954,        2.878,     -1.182
135             ,  284 59 38 ,  110 53 55,      4.785,      0.000,      0.000,       -4.318,        1.157,     -1.707
136             ,  276 39 01 ,  107 16 16,      6.089,      0.000,      0.000,       -5.775,        0.673,     -1.808
137             ,  291 10 44 ,  101 58 15,      6.162,      0.000,      0.000,       -5.621,        2.178,     -1.278
138             ,  300 11 27 ,   94 55 47,      7.016,      0.000,      0.000,       -6.042,        3.515,     -0.603
139             ,  300 56 06 ,   88 37 21,      7.902,      0.000,      0.000,       -6.776,        4.061,      0.190
140             ,  307 38 44 ,   87 38 41,      7.199,      0.000,      0.000,       -5.696,        4.393,      0.296
141             ,  295 08 05 ,   87 40 47,      9.979,      0.000,      0.000,       -9.027,        4.235,      0.404
142             ,  289 32 59 ,   93 38 14,      8.917,      0.000,      0.000,       -8.386,        2.978,     -0.566
143             ,  282 12 34 ,   97 34 39,      8.428,      0.000,      0.000,       -8.166,        1.767,     -1.111
144             ,  267 47 17 ,  103 07 52,      9.039,      0.000,      0.000,       -8.796,       -0.340,     -2.053
145             ,  274 09 28 ,  105 07 26,      7.462,      0.000,      0.000,       -7.185,        0.522,     -1.947
146             ,  277 58 52 ,  109 20 27,      5.312,      0.000,      0.000,       -4.964,        0.696,     -1.759
147             ,  287 29 07 ,  114 19 58,      4.139,      0.000,      0.000,       -3.597,        1.133,     -1.705
148             ,  308 51 26 ,  120 07 37,      3.131,      0.000,      0.000,       -2.108,        1.699,     -1.571
149             ,  327 15 06 ,  109 21 29,      3.182,      0.000,      0.000,       -1.624,        2.525,     -1.055
150             ,  313 22 02 ,  105 35 47,      4.434,      0.000,      0.000,       -3.105,        2.933,     -1.192
151             ,  301 28 10 ,  103 12 00,      5.470,      0.000,      0.000,       -4.542,        2.780,     -1.249
152             ,  292 04 11 ,  100 37 17,      6.337,      0.000,      0.000,       -5.772,        2.340,     -1.168
153             ,  285 51 11 ,   97 47 32,      8.054,      0.000,      0.000,       -7.676,        2.180,     -1.092
154             ,  293 41 33 ,   91 53 55,      8.484,      0.000,      0.000,       -7.765,        3.407,     -0.281
155             ,  301 59 32 ,   94 19 42,      7.115,      0.000,      0.000,       -6.017,        3.759,     -0.537
156             ,  304 00 10 ,   89 43 31,      7.290,      0.000,      0.000,       -6.044,        4.077,      0.035
157             ,  311 01 34 ,   97 54 22,      5.677,      0.000,      0.000,       -4.242,        3.691,     -0.781
158             ,  320 43 37 ,   91 11 12,      5.580,      0.000,      0.000,       -3.531,        4.319,     -0.116
159             ,  327 05 11 ,   90 37 37,      5.472,      0.000,      0.000,       -2.973,        4.594,     -0.060
160             ,  315 24 37 ,   86 47 49,      6.447,      0.000,      0.000,       -4.519,        4.584,      0.360
161             ,  307 24 28 ,   88 40 14,      7.117,      0.000,      0.000,       -5.652,        4.323,      0.165
162             ,  300 05 56 ,   88 40 42,      8.041,      0.000,      0.000,       -6.955,        4.032,      0.185
163             ,  294 11 24 ,   88 38 05,      9.632,      0.000,      0.000,       -8.784,        3.946,      0.229
164             ,  293 43 27 ,   88 38 15,      9.902,      0.000,      0.000,       -9.063,        3.983,      0.235
165             ,  271 38 55 ,  101 14 03,     10.799,      0.000,      0.000,      -10.588,        0.305,     -2.104
166             ,  267 10 30 ,   93 53 20,     27.679,      0.000,      0.000,      -27.582,       -1.361,     -1.877
1               ,   87 10 30 ,   94 00 51,          0,      0.000,      0.000,            0,            0,          0
1               ,   87 10 30 ,   86 06 50,          0,      0.000,      0.000,            0,            0,          0
167             ,   87 10 21 ,   86 06 48,     27.679,      0.000,      0.000,        0.000,        0.001,     -0.001
168             ,   86 32 08 ,   91 02 39,     17.251,      0.000,      0.000,      -10.365,       -0.319,     -2.192
169             ,   81 34 21 ,   88 29 12,     19.271,      0.000,      0.000,       -8.525,        1.462,     -1.368
170             ,   77 07 52 ,   86 12 56,     19.510,      0.000,      0.000,       -8.603,        2.975,     -0.590
171             ,   73 19 35 ,   83 19 11,     19.377,      0.000,      0.000,       -9.145,        4.161,      0.377
172             ,   73 19 44 ,   87 45 44,     18.617,      0.000,      0.000,       -9.760,        3.976,     -1.150
173             ,   73 29 15 ,   91 19 39,     15.870,      0.000,      0.000,      -12.370,        3.149,     -2.245
174             ,   68 00 15 ,   88 46 03,     17.520,      0.000,      0.000,      -11.340,        5.200,     -1.500
175             ,   65 10 29 ,   86 05 43,     18.036,      0.000,      0.000,      -11.250,        6.194,     -0.649
176             ,   64 07 21 ,   83 11 49,     18.701,      0.000,      0.000,      -10.874,        6.744,      0.338
177             ,   56 50 21 ,   83 11 52,     16.861,      0.000,      0.000,      -13.566,        7.797,      0.120
178             ,   58 04 58 ,   87 20 16,     16.127,      0.000,      0.000,      -13.907,        7.156,     -1.128
179             ,   58 05 04 ,   93 15 52,     12.623,      0.000,      0.000,      -16.884,        5.302,     -2.596
180             ,   50 50 44 ,   88 21 37,     14.756,      0.000,      0.000,      -16.143,        7.953,     -1.455
181             ,   48 20 22 ,   84 34 35,     15.556,      0.000,      0.000,      -16.012,        8.933,     -0.407
182             ,   43 49 06 ,   85 01 40,     14.514,      0.000,      0.000,      -17.571,        9.072,     -0.619
183             ,   43 49 17 ,   89 13 59,     12.631,      0.000,      0.000,      -18.836,        7.752,     -1.708
184             ,   51 46 26 ,   95 09 43,      9.560,      0.000,      0.000,      -20.102,        4.530,     -2.737
185             ,   45 21 54 ,   93 35 28,      8.776,      0.000,      0.000,      -21.349,        4.793,     -2.427
186             ,   44 00 11 ,   97 54 22,      7.939,      0.000,      0.000,      -22.119,        4.296,     -2.969
187             ,   39 00 28 ,   95 33 44,     10.560,      0.000,      0.000,      -20.966,        6.806,     -2.901
188             ,   39 00 38 ,   89 14 23,     13.151,      0.000,      0.000,      -19.304,        8.857,     -1.703
189             ,   39 00 33 ,   85 51 41,     15.049,      0.000,      0.000,      -18.134,       10.302,     -0.791
190             ,   33 53 37 ,   86 31 00,     18.037,      0.000,      0.000,      -17.542,       13.583,     -0.781
191             ,   29 16 51 ,   90 10 04,     16.157,      0.000,      0.000,      -19.679,       12.732,     -1.925
192             ,   22 03 10 ,   94 09 45,     15.391,      0.000,      0.000,      -21.818,       12.867,     -2.994
193             ,   18 53 05 ,   93 39 14,     17.835,      0.000,      0.000,      -21.821,       15.480,     -3.014
194             ,   22 55 17 ,   90 17 29,     20.752,      0.000,      0.000,      -19.499,       17.752,     -1.983
195             ,   26 29 40 ,   88 23 48,     20.015,      0.000,      0.000,      -18.656,       16.545,     -1.317
196             ,   28 58 32 ,   86 49 59,     22.738,      0.000,      0.000,      -16.583,       18.501,     -0.621
197             ,   24 56 17 ,   87 15 38,     24.970,      0.000,      0.000,      -17.065,       21.255,     -0.684
198             ,   21 23 05 ,   89 57 02,     23.499,      0.000,      0.000,      -19.013,       20.520,     -1.857
199             ,   16 06 51 ,   93 16 17,     19.930,      0.000,      0.000,      -22.059,       17.755,     -3.015
200             ,   16 17 39 ,   92 38 39,     23.031,      0.000,      0.000,      -21.127,       20.722,     -2.940
201             ,   18 57 31 ,   90 38 15,     24.653,      0.000,      0.000,      -19.573,       21.954,     -2.152
202             ,   22 14 14 ,   88 09 59,     28.828,      0.000,      0.000,      -16.677,       25.309,     -0.955
203             ,   20 50 50 ,   87 59 19,     31.361,      0.000,      0.000,      -16.428,       27.928,     -0.777
204             ,   17 14 16 ,   90 09 42,     30.078,      0.000,      0.000,      -18.668,       27.366,     -1.962
205             ,   13 54 59 ,   92 04 36,     28.498,      0.000,      0.000,      -20.732,       26.282,     -2.910
206             ,   12 21 06 ,   92 00 15,     30.327,      0.000,      0.000,      -21.098,       28.246,     -2.938
207             ,   15 05 21 ,   90 17 35,     35.756,      0.000,      0.000,      -18.274,       33.162,     -2.060
208             ,   19 02 17 ,   88 18 47,     33.983,      0.000,      0.000,      -16.501,       30.749,     -0.877
209             ,   20 25 07 ,   87 05 45,     41.796,      0.000,      0.000,      -13.019,       37.759,      0.240
210             ,   15 56 35 ,   89 22 04,     38.589,      0.000,      0.000,      -16.982,       35.741,     -1.452
211             ,   12 06 41 ,   91 16 59,     37.491,      0.000,      0.000,      -19.717,       35.286,     -2.717
212             ,   18 16 48 ,   87 34 11,     47.183,      0.000,      0.000,      -12.795,       43.401,      0.123
213             ,   15 26 20 ,   89 17 26,     45.562,      0.000,      0.000,      -15.453,       42.554,     -1.313
214             ,   14 10 30 ,   89 59 19,     45.085,      0.000,      0.000,      -16.541,       42.351,     -1.868
215             ,   12 06 32 ,   90 55 55,     46.204,      0.000,      0.000,      -17.891,       43.809,     -2.629
216             ,   11 38 35 ,   90 47 37,     52.439,      0.000,      0.000,      -17.000,       49.994,     -2.604
217             ,   13 15 57 ,   89 50 31,     51.846,      0.000,      0.000,      -15.684,       49.102,     -1.734
218             ,   14 38 54 ,   89 33 54,     51.401,      0.000,      0.000,      -14.583,       48.368,     -1.487
219             ,   16 48 04 ,   87 57 10,     52.767,      0.000,      0.000,      -12.339,       49.121,      0.008
220             ,   14 49 11 ,   89 12 20,     52.205,      0.000,      0.000,      -14.230,       49.103,     -1.153
221             ,   13 21 28 ,   89 49 12,     51.808,      0.000,      0.000,      -15.612,       49.045,     -1.714
222             ,   11 39 42 ,   90 45 09,     52.509,      0.000,      0.000,      -16.969,       50.060,     -2.567
223             ,   13 16 43 ,   89 51 18,     51.815,      0.000,      0.000,      -15.680,       49.068,     -1.746
224             ,   14 05 01 ,   89 36 32,     53.618,      0.000,      0.000,      -14.535,       50.644,     -1.511
225             ,   16 02 45 ,   88 12 34,     52.627,      0.000,      0.000,      -13.042,       49.191,     -0.233
226             ,   15 21 53 ,   88 31 13,     56.015,      0.000,      0.000,      -12.745,       52.634,     -0.431
227             ,   13 41 41 ,   89 38 51,     54.861,      0.000,      0.000,      -14.593,       51.940,     -1.540
228             ,   11 39 14 ,   90 36 58,     54.579,      0.000,      0.000,      -16.557,       52.090,     -2.464
229             ,    7 54 56 ,   89 30 46,     68.912,      0.000,      0.000,      -18.092,       66.892,     -1.291
166             ,  187 54 56 ,   89 36 58,          0,      0.000,      0.000,            0,            0,          0
166             ,  187 54 56 ,   90 29 17,          0,      0.000,      0.000,            0,            0,          0
230             ,  187 54 54 ,   90 29 15,     68.912,      0.000,      0.000,      -27.581,       -1.361,     -1.877
231             ,  177 11 14 ,   94 23 20,     18.565,      0.000,      0.000,      -17.183,       48.404,     -2.712
232             ,  172 39 17 ,   91 32 33,     20.858,      0.000,      0.000,      -15.426,       46.213,     -1.853
233             ,  168 52 36 ,   89 38 41,     20.291,      0.000,      0.000,      -14.177,       46.983,     -1.165
234             ,  165 38 43 ,   87 05 45,     20.813,      0.000,      0.000,      -12.938,       46.755,     -0.237
235             ,  165 00 22 ,   85 47 40,     22.296,      0.000,      0.000,      -12.339,       45.414,      0.344
236             ,  162 38 20 ,   85 38 18,     21.610,      0.000,      0.000,      -11.662,       46.326,      0.352
237             ,  165 38 28 ,   87 57 36,     18.335,      0.000,      0.000,      -13.548,       49.142,     -0.639
238             ,  168 26 32 ,   90 34 45,     17.459,      0.000,      0.000,      -14.594,       49.788,     -1.468
239             ,  171 47 03 ,   91 23 23,     17.586,      0.000,      0.000,      -15.579,       49.492,     -1.718
240             ,  176 27 54 ,   94 59 37,     16.278,      0.000,      0.000,      -17.092,       50.707,     -2.708
241             ,  174 06 15 ,   96 17 32,     12.736,      0.000,      0.000,      -16.791,       54.300,     -2.687
242             ,  168 59 53 ,   92 52 21,     14.598,      0.000,      0.000,      -15.309,       52.581,     -2.023
243             ,  164 55 06 ,   90 18 29,     14.560,      0.000,      0.000,      -14.303,       52.834,     -1.369
244             ,  161 40 44 ,   87 47 43,     16.326,      0.000,      0.000,      -12.964,       51.406,     -0.663
245             ,  160 23 22 ,   85 37 38,     17.159,      0.000,      0.000,      -12.350,       50.776,      0.017
246             ,  158 43 06 ,   84 45 45,     20.004,      0.000,      0.000,      -10.862,       48.331,      0.535
247             ,  155 00 08 ,   84 15 18,     18.381,      0.000,      0.000,      -10.363,       50.317,      0.549
248             ,  159 18 35 ,   86 40 53,     15.165,      0.000,      0.000,      -12.743,       52.729,     -0.413
249             ,  162 27 24 ,   89 25 35,     14.338,      0.000,      0.000,      -13.770,       53.222,     -1.148
250             ,  166 07 54 ,   92 38 45,     13.378,      0.000,      0.000,      -14.889,       53.919,     -1.909
251             ,  173 04 11 ,   96 39 05,     11.197,      0.000,      0.000,      -16.750,       55.852,     -2.588
252             ,  169 02 51 ,   99 29 03,      8.369,      0.000,      0.000,      -16.524,       58.788,     -2.670
253             ,  159 29 05 ,   98 39 49,      8.392,      0.000,      0.000,      -15.184,       59.122,     -2.555
254             ,  163 56 57 ,   94 13 14,     11.492,      0.000,      0.000,      -14.923,       55.878,     -2.137
255             ,  160 05 30 ,   91 17 52,     12.322,      0.000,      0.000,      -13.897,       55.310,     -1.570
256             ,  157 58 20 ,   88 29 28,     13.291,      0.000,      0.000,      -13.108,       54.575,     -0.941
257             ,  155 53 55 ,   86 11 07,     13.823,      0.000,      0.000,      -12.459,       54.302,     -0.372
258             ,  155 53 55 ,   84 34 17,     18.590,      0.000,      0.000,      -10.534,       49.999,      0.468
259             ,  152 38 32 ,   83 43 10,     17.803,      0.000,      0.000,       -9.960,       51.175,      0.656
260             ,  149 16 03 ,   83 43 34,     17.207,      0.000,      0.000,       -9.351,       52.191,      0.589
261             ,  151 40 36 ,   85 06 29,     16.741,      0.000,      0.000,      -10.178,       52.209,      0.136
262             ,  152 39 21 ,   85 56 34,     16.367,      0.000,      0.000,      -10.593,       52.391,     -0.133
263             ,  152 47 29 ,   87 33 16,     13.601,      0.000,      0.000,      -11.879,       54.807,     -0.711
264             ,  154 20 59 ,   91 22 55,     12.182,      0.000,      0.000,      -12.820,       55.914,     -1.585
265             ,  157 06 36 ,   94 39 42,     10.933,      0.000,      0.000,      -13.853,       56.853,     -2.180
266             ,  157 36 54 ,   98 27 46,      8.556,      0.000,      0.000,      -14.869,       59.067,     -2.550
267             ,  151 37 17 ,   97 40 25,      8.834,      0.000,      0.000,      -13.931,       59.189,     -2.471
268             ,  150 01 53 ,   90 50 03,     11.901,      0.000,      0.000,      -12.148,       56.584,     -1.464
269             ,  148 50 13 ,   86 49 42,     13.369,      0.000,      0.000,      -11.184,       55.470,     -0.552
270             ,  147 45 26 ,   84 26 29,     16.761,      0.000,      0.000,       -9.192,       52.782,      0.332
271             ,  145 04 34 ,   84 26 57,     16.322,      0.000,      0.000,       -8.791,       53.572,      0.288
272             ,  145 56 47 ,   84 28 25,     20.470,      0.000,      0.000,       -6.682,       50.011,      0.680
273             ,  145 56 56 ,   85 39 46,     13.384,      0.000,      0.000,      -10.619,       55.835,     -0.279
274             ,  148 06 49 ,   89 51 49,     12.085,      0.000,      0.000,      -11.708,       56.631,     -1.262
275             ,  146 20 27 ,   93 15 50,     10.983,      0.000,      0.000,      -12.014,       57.765,     -1.916
276             ,  146 20 24 ,   97 15 57,      8.949,      0.000,      0.000,      -13.172,       59.504,     -2.423
277             ,  140 28 29 ,   98 05 39,      7.867,      0.000,      0.000,      -13.135,       60.885,     -2.399
278             ,  143 24 34 ,   91 10 55,     11.301,      0.000,      0.000,      -11.357,       57.820,     -1.524
279             ,  141 58 19 ,   87 50 22,     12.416,      0.000,      0.000,      -10.448,       57.119,     -0.823
280             ,  141 58 21 ,   84 57 44,     13.559,      0.000,      0.000,       -9.771,       56.253,     -0.101
281             ,  139 52 07 ,   83 57 29,     16.560,      0.000,      0.000,       -7.478,       54.302,      0.452
282             ,  137 42 51 ,   84 41 23,     16.113,      0.000,      0.000,       -7.297,       55.023,      0.200
283             ,  138 01 32 ,   86 43 24,     13.489,      0.000,      0.000,       -9.085,       56.881,     -0.520
284             ,  139 48 20 ,   85 59 34,     12.920,      0.000,      0.000,       -9.774,       57.048,     -0.388
285             ,  140 59 24 ,   89 04 46,     11.785,      0.000,      0.000,      -10.674,       57.736,     -1.102
286             ,  140 58 49 ,   92 10 29,     10.897,      0.000,      0.000,      -11.236,       58.432,     -1.705
287             ,  138 30 30 ,   95 13 49,     10.121,      0.000,      0.000,      -11.415,       59.343,     -2.214
288             ,  137 06 06 ,   99 43 23,      6.827,      0.000,      0.000,      -13.511,       61.963,     -2.444
289             ,  136 00 21 ,   95 18 10,      9.703,      0.000,      0.000,      -11.381,       59.942,     -2.188
290             ,  136 02 12 ,   90 29 07,     11.900,      0.000,      0.000,       -9.831,       58.328,     -1.392
291             ,  136 09 54 ,   87 02 29,     13.436,      0.000,      0.000,       -8.799,       57.214,     -0.598
292             ,  136 09 52 ,   85 27 44,     14.481,      0.000,      0.000,       -8.094,       56.479,     -0.145
293             ,  133 55 27 ,   84 48 24,     17.508,      0.000,      0.000,       -5.533,       54.797,      0.294
294             ,  132 41 37 ,   86 50 22,     15.926,      0.000,      0.000,       -6.404,       56.110,     -0.413
295             ,  132 41 30 ,   88 59 46,     12.903,      0.000,      0.000,       -8.610,       58.145,     -1.065
296             ,  132 41 23 ,   92 42 58,     11.280,      0.000,      0.000,       -9.810,       59.253,     -1.826
297             ,  132 36 27 ,   97 54 35,      7.863,      0.000,      0.000,      -12.360,       61.620,     -2.373
298             ,  128 08 14 ,   96 24 34,      8.623,      0.000,      0.000,      -11.352,       61.600,     -2.254
299             ,  128 24 43 ,   93 53 18,     10.689,      0.000,      0.000,       -9.735,       60.266,     -2.016
300             ,  130 35 03 ,   91 17 14,     11.908,      0.000,      0.000,       -9.051,       59.147,     -1.559
301             ,  132 09 00 ,   88 17 49,     13.344,      0.000,      0.000,       -8.203,       57.942,     -0.895
302             ,  132 54 05 ,   86 43 41,     15.939,      0.000,      0.000,       -6.435,       56.059,     -0.381
303             ,  132 53 57 ,   84 58 46,     17.531,      0.000,      0.000,       -5.299,       55.005,      0.243
304             ,  135 15 13 ,   87 05 09,     13.469,      0.000,      0.000,       -8.622,       57.338,     -0.606
305             ,  135 34 14 ,   90 20 53,     11.959,      0.000,      0.000,       -9.721,       58.353,     -1.364
306             ,  130 27 03 ,   88 33 51,     13.797,      0.000,      0.000,       -7.596,       57.944,     -0.945
307             ,  130 18 46 ,   94 15 42,     10.585,      0.000,      0.000,      -10.043,       60.063,     -2.078
308             ,  126 54 48 ,   94 05 43,     10.255,      0.000,      0.000,       -9.914,       60.749,     -2.024
309             ,  128 21 56 ,   91 04 15,     12.558,      0.000,      0.000,       -8.247,       59.099,     -1.526
310             ,  129 21 29 ,   88 59 36,     13.994,      0.000,      0.000,       -7.273,       58.019,     -1.045
311             ,  125 50 22 ,   90 58 56,     13.794,      0.000,      0.000,       -6.911,       58.817,     -1.528
312             ,  121 59 39 ,   92 56 07,     13.306,      0.000,      0.000,       -6.822,       59.852,     -1.973
313             ,  122 19 21 ,   91 09 41,     15.796,      0.000,      0.000,       -4.746,       58.448,     -1.611
314             ,  125 40 29 ,   90 01 43,     15.812,      0.000,      0.000,       -5.247,       57.671,     -1.299
315             ,  128 48 30 ,   88 14 45,     16.220,      0.000,      0.000,       -5.458,       56.732,     -0.795
316             ,  131 20 05 ,   87 00 46,     16.219,      0.000,      0.000,       -5.930,       56.195,     -0.446
317             ,  135 34 34 ,   84 53 00,     17.172,      0.000,      0.000,       -6.120,       54.677,      0.240
318             ,  129 49 14 ,   86 02 58,     17.546,      0.000,      0.000,       -4.647,       55.683,     -0.082
319             ,  126 50 58 ,   87 59 06,     17.443,      0.000,      0.000,       -4.142,       56.438,     -0.678
320             ,  122 26 09 ,   90 15 33,     17.031,      0.000,      0.000,       -3.718,       57.758,     -1.368
321             ,  119 08 03 ,   90 43 09,     16.766,      0.000,      0.000,       -3.448,       58.730,     -1.502
322             ,  116 44 52 ,   91 34 20,     15.944,      0.000,      0.000,       -3.859,       59.719,     -1.729
323             ,  120 57 06 ,   92 40 51,     13.830,      0.000,      0.000,       -6.244,       59.787,     -1.938
324             ,  121 25 22 ,   93 57 28,     11.294,      0.000,      0.000,       -8.477,       61.018,     -2.071
325             ,  131 01 13 ,   85 05 17,     18.059,      0.000,      0.000,       -4.517,       55.083,      0.255
326             ,  139 44 54 ,   83 56 30,     16.561,      0.000,      0.000,       -7.451,       54.324,      0.457
327             ,  131 15 55 ,   86 01 26,     17.039,      0.000,      0.000,       -5.315,       55.681,     -0.110
328             ,  135 46 07 ,   85 15 17,     16.644,      0.000,      0.000,       -6.522,       55.007,      0.086
329             ,  133 28 10 ,   86 22 13,     16.189,      0.000,      0.000,       -6.367,       55.777,     -0.266
330             ,  123 41 39 ,   90 46 22,     15.752,      0.000,      0.000,       -4.987,       58.154,     -1.504
331             ,  124 52 24 ,   86 39 01,     22.948,      0.000,      0.000,        0.703,       53.794,      0.050
229             ,  304 52 24 ,   86 41 56,          0,      0.000,      0.000,            0,            0,          0
229             ,  304 52 24 ,   93 20 47,          0,      0.000,      0.000,            0,            0,          0
332             ,  304 52 21 ,   93 20 43,     22.948,      0.000,      0.000,      -18.092,       66.892,     -1.289
333             ,  280 18 07 ,   86 36 43,      5.836,      0.000,      0.000,       -5.029,       54.836,      0.395
334             ,  290 08 00 ,   91 55 13,      5.379,      0.000,      0.000,       -4.345,       55.644,     -0.131
335             ,  303 41 58 ,  100 40 14,      4.919,      0.000,      0.000,       -3.318,       56.476,     -0.861
336             ,  312 26 37 ,  104 20 13,      5.093,      0.000,      0.000,       -2.938,       57.124,     -1.212
337             ,  325 55 34 ,  106 36 12,      5.760,      0.000,      0.000,       -2.389,       58.366,     -1.596
338             ,  321 41 36 ,  113 48 52,      3.907,      0.000,      0.000,       -1.512,       56.598,     -1.528
339             ,  299 48 32 ,  105 28 29,      3.749,      0.000,      0.000,       -2.432,       55.590,     -0.951
340             ,  287 15 27 ,   99 05 00,      3.656,      0.000,      0.000,       -2.744,       54.865,     -0.527
341             ,  280 56 45 ,   94 40 38,      3.866,      0.000,      0.000,       -3.080,       54.525,     -0.265
342             ,  278 46 46 ,   89 25 50,      4.545,      0.000,      0.000,       -3.789,       54.487,      0.095
343             ,  273 54 31 ,   89 25 40,      4.911,      0.000,      0.000,       -4.196,       54.128,      0.099
344             ,  272 36 01 ,   88 03 02,      7.817,      0.000,      0.000,       -7.101,       54.148,      0.316
345             ,  269 20 45 ,   87 38 02,      8.191,      0.000,      0.000,       -7.480,       53.700,      0.388
346             ,  266 04 31 ,   88 44 10,      7.960,      0.000,      0.000,       -7.236,       53.249,      0.225
347             ,  269 57 44 ,   90 14 09,      6.993,      0.000,      0.000,       -6.289,       53.789,      0.021
348             ,  270 27 27 ,   90 34 04,      5.069,      0.000,      0.000,       -4.366,       53.834,     -0.000
349             ,  272 26 58 ,   94 41 47,      3.960,      0.000,      0.000,       -3.240,       53.962,     -0.274
350             ,  272 26 53 ,   94 41 42,      3.961,      0.000,      0.000,       -3.241,       53.962,     -0.275
351             ,  279 47 26 ,  104 55 53,      3.028,      0.000,      0.000,       -2.180,       54.291,     -0.731
352             ,  294 02 34 ,  109 42 14,      3.112,      0.000,      0.000,       -1.972,       54.987,     -0.999
353             ,  311 05 46 ,  123 01 18,      2.834,      0.000,      0.000,       -1.088,       55.356,     -1.495
354             ,  319 17 18 ,  114 10 27,      3.847,      0.000,      0.000,       -1.586,       56.454,     -1.526
355             ,  293 38 45 ,  138 45 49,      2.052,      0.000,      0.000,       -0.536,       54.336,     -1.493
356             ,  281 04 13 ,  107 39 56,      2.925,      0.000,      0.000,       -2.032,       54.329,     -0.838
357             ,  266 50 28 ,  113 59 37,      2.271,      0.000,      0.000,       -1.369,       53.679,     -0.874
358             ,  266 49 24 ,  101 09 03,      2.827,      0.000,      0.000,       -2.066,       53.640,     -0.497
359             ,  266 49 17 ,   93 39 49,      4.145,      0.000,      0.000,       -3.426,       53.564,     -0.215
360             ,  264 31 28 ,   89 25 59,      6.737,      0.000,      0.000,       -6.002,       53.151,      0.116
361             ,  261 12 43 ,   87 00 51,      7.309,      0.000,      0.000,       -6.510,       52.679,      0.430
362             ,  259 24 51 ,   86 38 28,     10.431,      0.000,      0.000,       -9.533,       51.881,      0.661
363             ,  259 33 07 ,   87 43 33,      7.029,      0.000,      0.000,       -6.204,       52.520,      0.329
364             ,  259 33 27 ,   91 37 41,      4.419,      0.000,      0.000,       -3.641,       52.993,     -0.076
365             ,  260 41 25 ,   92 50 18,      3.365,      0.000,      0.000,       -2.613,       53.250,     -0.117
366             ,  266 12 33 ,   96 13 00,      3.884,      0.000,      0.000,       -3.150,       53.538,     -0.371
367             ,  266 04 58 ,  115 35 35,      2.217,      0.000,      0.000,       -1.292,       53.657,     -0.908
368             ,  263 53 59 ,  151 46 47,      1.741,      0.000,      0.000,       -0.115,       53.706,     -1.484
369             ,  222 59 07 ,  147 26 30,      1.781,      0.000,      0.000,        0.050,       53.093,     -1.451
370             ,  223 05 58 ,  145 10 12,      1.817,      0.000,      0.000,       -0.006,       53.036,     -1.442
371             ,  241 44 40 ,  121 00 58,      2.056,      0.000,      0.000,       -0.849,       52.959,     -1.010
372             ,  246 46 16 ,  104 46 56,      2.517,      0.000,      0.000,       -1.533,       52.834,     -0.592
373             ,  253 00 39 ,   91 17 51,      3.368,      0.000,      0.000,       -2.517,       52.810,     -0.027
374             ,  248 44 37 ,   84 11 47,      4.387,      0.000,      0.000,       -3.364,       52.211,      0.493
375             ,  255 11 03 ,   86 25 37,      5.653,      0.000,      0.000,       -4.751,       52.351,      0.402
376             ,  258 32 15 ,   90 06 42,      4.702,      0.000,      0.000,       -3.905,       52.859,      0.041
377             ,  266 28 54 ,   95 45 20,      3.973,      0.000,      0.000,       -3.242,       53.551,     -0.349
378             ,  257 54 21 ,   97 31 38,      2.940,      0.000,      0.000,       -2.147,       53.183,     -0.335
379             ,  257 54 24 ,   97 31 52,      2.940,      0.000,      0.000,       -2.147,       53.183,     -0.336
380             ,  257 54 40 ,  116 30 34,      2.154,      0.000,      0.000,       -1.181,       53.390,     -0.912
381             ,  274 23 33 ,  120 43 08,      2.181,      0.000,      0.000,       -1.166,       53.937,     -1.064
382             ,  274 23 17 ,  147 16 21,      1.834,      0.000,      0.000,       -0.285,       53.870,     -1.493
383             ,  244 34 22 ,   86 21 34,      4.336,      0.000,      0.000,       -3.205,       51.936,      0.325
384             ,  241 50 16 ,   85 15 22,      7.340,      0.000,      0.000,       -5.745,       50.341,      0.657
385             ,  237 06 03 ,   95 38 27,      3.343,      0.000,      0.000,       -2.090,       51.986,     -0.279
386             ,  228 41 16 ,  109 17 30,      2.590,      0.000,      0.000,       -1.133,       52.180,     -0.806
387             ,  208 52 40 ,  123 06 28,      2.355,      0.000,      0.000,       -0.249,       52.066,     -1.237
388             ,  189 27 04 ,  124 46 02,      2.605,      0.000,      0.000,        0.352,       51.682,     -1.436
389             ,  186 09 14 ,  114 49 23,      3.456,      0.000,      0.000,        0.367,       50.675,     -1.401
390             ,  205 14 26 ,  109 02 53,      3.330,      0.000,      0.000,       -0.639,       50.946,     -1.037
391             ,  215 38 52 ,   98 47 18,      3.955,      0.000,      0.000,       -1.575,       50.618,     -0.555
392             ,  222 40 38 ,   91 21 01,      4.678,      0.000,      0.000,       -2.467,       50.355,     -0.061
393             ,  234 05 14 ,   84 07 07,      6.120,      0.000,      0.000,       -4.227,       50.223,      0.677
394             ,  228 39 52 ,   83 03 59,      6.080,      0.000,      0.000,       -3.828,       49.808,      0.784
395             ,  216 42 08 ,   90 40 03,      5.156,      0.000,      0.000,       -2.378,       49.660,     -0.010
396             ,  203 53 21 ,   97 54 35,      4.935,      0.000,      0.000,       -1.276,       49.324,     -0.629
397             ,  193 05 25 ,  102 39 10,      5.017,      0.000,      0.000,       -0.405,       49.026,     -1.049
398             ,  180 31 14 ,  106 37 33,      5.052,      0.000,      0.000,        0.659,       48.953,     -1.396
399             ,  178 31 38 ,  103 01 24,      6.281,      0.000,      0.000,        0.861,       47.676,     -1.366
400             ,  188 24 40 ,   99 27 33,      6.464,      0.000,      0.000,       -0.229,       47.487,     -1.013
401             ,  201 48 07 ,   92 29 37,      7.240,      0.000,      0.000,       -1.983,       47.077,     -0.265
402             ,  209 00 47 ,   86 18 39,      9.066,      0.000,      0.000,       -3.685,       45.882,      0.633
403             ,  203 56 09 ,   86 19 24,     11.501,      0.000,      0.000,       -3.953,       43.303,      0.787
404             ,  196 47 42 ,   89 16 53,     11.393,      0.000,      0.000,       -2.589,       42.887,      0.193
405             ,  188 07 40 ,   93 46 00,     11.881,      0.000,      0.000,       -0.973,       42.058,     -0.731
406             ,  180 00 52 ,   96 33 55,     12.482,      0.000,      0.000,        0.700,       41.393,     -1.377
407             ,  181 37 51 ,   94 44 20,     16.246,      0.000,      0.000,        0.242,       37.610,     -1.292
408             ,  179 45 27 ,   94 49 32,     16.997,      0.000,      0.000,        0.775,       36.858,     -1.380
409             ,  184 59 34 ,   93 35 27,     16.369,      0.000,      0.000,       -0.719,       37.518,     -0.976
410             ,  187 40 17 ,   92 05 38,     16.746,      0.000,      0.000,       -1.531,       37.209,     -0.562
411             ,  191 10 58 ,   90 18 33,     16.812,      0.000,      0.000,       -2.557,       37.302,     -0.041
412             ,  193 45 17 ,   88 14 33,     17.954,      0.000,      0.000,       -3.564,       36.363,      0.600
413             ,  193 42 47 ,   87 57 19,     18.683,      0.000,      0.000,       -3.723,       35.655,      0.716
414             ,  190 54 54 ,   89 20 22,     18.648,      0.000,      0.000,       -2.828,       35.484,      0.265
415             ,  188 58 49 ,   90 18 08,     18.922,      0.000,      0.000,       -2.250,       35.103,     -0.050
416             ,  186 17 47 ,   91 58 51,     18.199,      0.000,      0.000,       -1.292,       35.715,     -0.579
417             ,  182 12 04 ,   93 56 40,     19.390,      0.000,      0.000,       -0.040,       34.463,     -1.284
418             ,  181 47 01 ,   93 45 33,     22.569,      0.000,      0.000,        0.002,       31.284,     -1.430
419             ,  185 43 32 ,   91 37 59,     23.988,      0.000,      0.000,       -1.689,       29.935,     -0.634
420             ,  189 03 46 ,   89 46 09,     23.207,      0.000,      0.000,       -2.952,       30.877,      0.143
421             ,  191 02 03 ,   88 30 24,     23.525,      0.000,      0.000,       -3.798,       30.711,      0.663
422             ,  188 52 22 ,   89 08 23,     33.186,      0.000,      0.000,       -4.415,       21.008,      0.548
423             ,  188 28 40 ,   88 41 34,     34.496,      0.000,      0.000,       -4.381,       19.684,      0.837
424             ,  186 49 54 ,   89 27 46,     33.090,      0.000,      0.000,       -3.233,       20.940,      0.360
425             ,  186 02 31 ,   91 15 37,     30.818,      0.000,      0.000,       -2.540,       23.155,     -0.628
426             ,  184 06 47 ,   91 15 46,     32.331,      0.000,      0.000,       -1.615,       21.554,     -0.663
427             ,  181 08 22 ,   92 20 04,     35.818,      0.000,      0.000,       -0.009,       18.013,     -1.409
428             ,  182 33 46 ,   91 08 26,     40.008,      0.000,      0.000,       -1.085,       13.833,     -0.747
429             ,  185 13 33 ,   89 59 55,     36.924,      0.000,      0.000,       -2.660,       17.023,      0.051
430             ,  186 44 29 ,   89 12 22,     38.841,      0.000,      0.000,       -3.856,       15.225,      0.588
